"fitted_futuro"
0.40374678491541
6.46752665392234
8.53517309028393
4.04809701629849
7.26632346169615
4.84601642350906
3.40218396156829
12.2313313470024
6.03900778602496
18.1053185140424
1.74488579996613
8.90549222079311
6.49939155321303
1.98131262197271
14.2490167714796
14.4542825198923
12.4487988525903
6.28076961376786
12.6108010222746
0.701137866702728
4.06622128552776
5.75958471670189
4.02228752483122
16.5724651012888
6.37952883616414
2.11874576255957
7.16217808768994
16.3835768179108
3.20425532276747
8.52838927594071
10.4072935876739
29.8351179626636
67.8626422632259
0.594172705865977
2.09344617918415
12.567779362875
13.7760886951767
2.89777357342097
18.7399357743432
1.17383347554721
1.48227167040823
4.8859186665946
5.63799698820741
6.91488503983928
13.5087855803332
15.1437102860154
0.521575999385589
1.13127044813794
14.3390618927946
8.28648260425216
0.171819529981681
3.54663789352186
10.5897465749926
5.69077149379321
3.73736546059029
8.15560195152127
5.03975210992845
17.7138542707122
1.29155315829634
26.7990904895179
2.6008984868975
13.4541453205577
5.69745361563203
0.927578562328984
33.9480195485294
3.5921100387078
15.9407675576034
3.90889260050567
7.02089006732525
1.13491529665213
4.79770569372934
5.83892522074645
2.29887240826856
13.15895765719
16.2391269742265
1.85763212486723
5.42935367248291
11.4277962523923
7.11998020660024
8.55914793260295
11.1946961110184
37.8201884245891
81.608725123651
4.46445733049662
2.27180284293298
27.841888599441
12.8549316763024
3.02008157977592
23.4979099440297
0.375114929544035
2.09278843370579
1.76575947490255
13.4061199168501
3.89234818229513
13.90402736807
16.312382094283
1.46943860086826
1.4739159445863
34.880430243072
8.34848695470909
1.5127289254284
9.47349045858929
13.9738758228821
4.75154062466293
23.4798017925526
27.3230188815359
9.93822081471522
18.5161407458946
16.8422141147048
57.7765831810039
4.45346548957486
12.0378045086132
9.19241787241086
6.19121285488145
126.704969044073
18.9508883108438
10.0009635418304
12.3543626627354
27.6760252253628
1.62444871003728
13.6430593221052
10.7351596729903
12.3940949735214
100.844254947624
22.8024818001691
5.09196101300034
68.5911538805472
27.8170033672876
6.06580164406575
13.4872958303005
35.4225126439822
250.334646953305
166.740724135209
17.1683877899221
5.13617338766322
127.90145418765
48.2009720893343
6.60620669076095
37.1065404111366
6.47976208842291
9.0115075333523
4.4799287044544
12.1565753037608
10.6258712186734
21.6868755862228
19.337931383683
9.57076810107089
3.58855472411948
108.184670125076
19.2259331730797
3.12911226570459
5.27260200212719
9.02759014184197
4.59192656815091
8.26046877029605
12.5356172064321
9.40792959140111
16.279926365471
11.565625898302
27.1420346011674
4.95435197705221
8.64498059028554
6.7620771465469
3.44889958492933
73.7010667640833
14.6713409309397
8.80232028777637
6.63131410758179
11.0559074877436
4.25825800909359
8.12755853684325
5.42921622855418
8.03806381135662
26.5467787138073
11.4361043672835
5.14327259699788
27.8000036731969
13.6083913260644
3.61070741883441
7.9534766131621
55.1675941916682
79.2632894798481
128.716946265923
4.72415296388796
2.34149458929672
78.6228021598323
11.1016264458454
3.68126072427616
39.0275077434232
2.54895667991194
5.61327302275712
2.73651545736884
8.46015459302033
7.49722340903485
9.42118953649704
15.2329952402387
2.45176746647525
6.12014484540612
22.1975129446696
14.5343881018171
2.49993768590536
14.1408948500042
21.8601247571739
7.31742454089466
24.4589838518475
50.0977345576629
18.2186700867244
25.6770029298329
21.607985780843
95.0482136214014
10.8514460895048
15.4359790253026
22.9204740247133
15.1283501775738
76.8309172764558
30.9707919896707
12.1819788305887
17.7293325727511
25.6760510497668
2.67336112202908
20.2440982187203
11.3705162388738
22.8548674071038
47.5571046871782
17.7975790677257
11.776521390128
35.4278784075584
40.1436798212705
6.56996783057877
18.2777765973496
67.2887018248639
142.70756276066
88.6218492306387
6.90656241207724
4.06417658515092
146.349155720296
36.8180130619087
5.4522212145515
28.2246522543814
8.33676788195929
18.0025717371619
6.20035753718173
19.0886202639367
18.4109192570702
35.464336995708
46.0129173803778
7.4631526530966
4.0459962089356
47.2067986888618
36.1438144703068
4.69694481833124
12.0469287546717
19.510673680234
11.4348135101758
15.467507386668
42.9212442633288
21.3414446648387
30.2214532419739
20.6802620591436
98.0445860992796
9.95762953716565
9.51349975298018
18.5716756683311
13.4088357864865
165.667351507139
18.726412052933
9.37319083812397
17.3688442408292
22.9029934221488
3.37291676460261
23.4301699719918
7.25263003206833
21.5684028194769
52.7146665082092
11.5234316290917
10.6442381372682
64.5252307599919
32.6243742292744
9.29227270288125
18.9678519389872
48.9308764503983
285.823572542925
101.003623844802
9.54975933205958
2.20580406791825
215.639130929565
26.2036838664641
3.58880125467752
32.7076452649357
5.43371703573791
17.8981430310269
7.16712117773432
9.93574495489712
15.0697862922601
26.1802205405371
20.0319409449864
6.37039662076927
4.54519315886344
43.9561444035508
25.4114966296875
6.8607765243361
22.6410072281621
23.4309703585524
12.2960136399784
33.2327802631679
69.6794273151195
25.8133649221594
39.3136468681793
38.6889467508817
179.715940368065
13.8227476716207
11.2334933790174
37.4339623865041
23.7525908766608
118.966532663512
38.0377440597003
19.3603893568669
30.3898049578586
34.6443848812502
3.94789194702913
32.9475646837594
14.4275002717824
26.3297735883347
81.6474602319656
27.5912278559633
15.6917804093354
72.7270552599185
59.2271729755241
14.5825214001409
27.5254527435418
93.2859668737103
336.972615967383
163.734220253919
13.513161698128
4.571673616711
157.121851024609
64.3265922362827
9.16762367383537
34.547592559639
13.0464415185116
30.3051778922516
11.9270510242817
16.87838842809
23.0216034656085
51.7948154507271
30.8343144903361
15.4088660367572
5.46565672377915
98.0533402693545
54.9869197384636
9.6972207523129
12.2985998673073
19.626331206596
13.1632675456074
28.5942275757007
52.153406133706
16.5667621796437
25.2391475098073
39.1525776135997
139.26965363981
11.2656497528189
9.13847639227133
22.4913569672832
14.1896670328232
63.5027951867813
25.222745240664
8.68512068444423
19.0716856356604
20.1485256567363
5.491663579847
20.2361993588221
8.3811025044785
18.7419996110897
73.2884343726568
12.9829405694725
14.0678665419438
61.6775443388921
46.7891239650196
11.7114926120188
19.2010478036864
74.1679669987823
243.974384716476
178.7374719785
12.7120024262111
5.12531485485048
107.906749422724
53.3791875836605
5.09309558120114
76.0755054704735
13.2094016234747
18.3810756183246
9.07986191138404
13.7431043178755
14.4703644994322
42.8957968779028
24.594155177891
12.2641397982424
8.25212987752361
80.1753899947799
26.5357796372734
3.29583650587728
6.98291346187769
10.7175610940835
6.85754681500175
22.0501504816869
40.0417168819081
8.9946366832345
15.3998589013284
15.7148768493743
97.9543264901615
6.80267901557016
7.32803761325008
14.2646834350717
9.31197421213844
102.572579877715
13.0305787690932
4.97059547882234
10.4483753661808
14.4242672367141
2.77804876395602
14.4696010832976
4.38356226995557
11.2370028584305
38.6473704380426
7.3248494882861
6.58924780767643
46.9582675445192
24.3378252909636
8.40192481267626
10.2763790375086
37.1161544935666
178.360174064412
123.123195222034
6.85734906651705
3.85990927137976
137.645256738443
27.1295232760445
3.97447079546742
42.5601369517031
5.08521867069974
9.62056951997512
5.0334924724204
7.21951481820244
8.4822613143946
25.1175609227715
11.7975077731435
7.19818694781166
4.69452802050404
51.8773155244348
15.8414168951667
1.52734635306992
2.68620520501114
6.72010666485797
4.51393164981664
4.10213399763698
7.14312378267381
7.08004905484856
11.7796323014524
6.29747278125071
13.3011565735493
2.02473550665942
3.59880264975394
3.38398748741282
1.91587792547764
49.8013388985319
5.11901381799266
4.52724067584788
3.05241422332772
5.03642224565164
3.03524993059718
2.82667012800146
2.90812300190723
3.23825909721474
10.1720564734031
4.69058328887602
3.28788650244194
13.4975722165867
7.43391774879324
3.16533376810603
6.59314507997634
25.6998329912461
42.4114101593822
96.5701600598498
2.75038049234641
2.47030609873364
53.8512695378459
5.64545562607564
2.33039375544096
32.264906750954
2.13152146839774
1.94167557787614
1.95660439727707
6.26437650257477
3.58822315856794
7.70122125756472
8.04587255622446
1.70502752535127
3.95506157704132
9.91826115359149
8.76273230361247
0.630628706035586
3.12541873558199
4.88154250387065
2.95634775627884
5.7554182324913
5.94274955877107
3.62766733392128
9.83686893724958
3.97256033977431
11.1530524132672
2.64876638170483
3.78620621202166
4.79455346710985
1.5670909962615
28.1895823895851
7.32491594031132
3.85128069000004
4.40139955139564
6.77859078420346
1.59199226661843
4.02313491899965
2.47121097758886
4.0440723243202
8.1188271897216
3.23620176408113
1.1140311894639
9.29647766685069
6.53021128209334
2.81608238243268
4.96037693153141
8.09441949384706
26.0406641874664
69.2430043503163
0.976006386659954
2.22971601903908
20.918758501573
5.41867313825328
2.95248528854138
29.2110165209069
2.06158369018162
1.91285461013795
1.59115141490047
4.13952783320924
2.6414583211547
4.52661406481433
9.51916879591906
0.655224895816117
2.14048214597676
4.66364568936727
3.33515160548173
0.889318882522616
1.66436860354684
3.5521227748458
2.18238488391439
3.65547463886874
1.88430237696665
2.37908157814031
4.16729835504722
5.61583992472661
4.94891461810122
1.64159988378729
2.31480700800846
3.33281889664632
1.18382879609694
20.8873751516701
5.48751535582689
3.54160373648114
3.11175545440335
7.56508244229206
3.4682330686288
1.99021412099479
1.92511320920998
3.60030228311936
1.85697149686246
1.25081430476637
0.676818451987055
11.0655137770018
4.47048838740036
1.64794653228103
2.55266133542525
8.97946457360692
16.7387189738952
91.1013100642772
0.424618125690224
1.92553811649748
14.8804853813849
5.22349060381169
2.51989071022302
32.7533467334687
2.18897787714314
0.968549851573454
2.93008519922442
1.28842617111781
3.18837752333831
3.20929457519456
5.20598839390217
0.371612912086108
4.03378313438883
1.7290492543557
2.50652717187664
