"x"
0.322477432081133
0.0870648248552141
0.249513160772101
0.168681607757145
0.0901972686092224
0.144164128909976
0.279292271006251
0.176027008440676
0.12988998586394
0.304838671623272
0.136502552890869
0.281389605373966
0.14410584503022
0.126640956112468
0.262848070584967
0.173868557820307
0.204276604587334
0.170888985453828
0.0860348916288091
0.35370692893665
0.124494300140802
0.22172545736416
0.12467448196866
0.106581704455814
0.265701582484431
0.239161130576325
0.228732776574294
0.127405128729912
0.111174253911181
0.12014004268412
0.348016955929706
0.247299993573603
0.342330120063933
0.115966358925787
0.220322023606378
0.359613712002015
0.0753759810120792
0.186626731673404
0.440402739171405
0.153522549031218
0.216651326675675
0.160913303292555
0.149272084929201
0.217371041602062
0.113934020231028
0.282405989604741
0.116529126737439
0.357736336493559
0.356846927268624
0.320788026548207
